1 7 8 11 13 15 20 1
1 7 8 12 13 15 19 0
1 6 8 11 13 15 23 1
3 6 8 12 13 15 20 0
4 6 10 11 13 15 21 1
0 6 9 11 13 15 22 0
0 6 8 11 13 15 17 0
1 6 10 12 13 15 17 0
0 6 8 11 13 15 17 0
1 6 10 11 13 15 18 1
1 7 8 12 13 15 23 1
0 6 8 12 13 15 18 0
0 6 10 11 13 15 18 0
1 6 8 11 13 15 18 0
0 6 9 12 13 15 17 0
0 6 8 12 13 15 17 0
1 6 9 11 13 16 25 1
0 6 8 11 13 15 20 1
0 7 8 11 13 15 17 0
1 6 8 12 13 15 25 1
1 6 8 11 13 15 21 1
3 6 8 11 13 15 17 0
1 7 8 11 13 15 20 1
4 7 8 12 13 15 17 0
1 6 8 12 13 16 22 1
0 6 10 12 13 15 20 1
0 6 8 11 13 15 19 1
3 6 8 12 13 15 17 0
1 6 8 11 13 15 17 0
1 6 8 12 13 15 21 0
1 6 10 11 13 15 20 1
1 6 10 11 13 15 18 1
1 6 9 12 13 15 17 0
3 6 9 11 13 15 18 0
1 6 10 12 13 15 19 1
1 6 9 11 13 15 17 0
1 6 8 12 13 15 17 0
1 6 8 11 13 15 17 0
3 6 8 11 13 15 17 0
0 7 8 12 13 15 22 1
0 7 8 11 13 16 23 1
0 6 9 11 13 15 20 0
1 6 10 12 13 15 17 0
0 6 8 12 13 15 17 0
0 6 9 12 13 15 18 0
1 6 10 11 13 16 17 1
0 6 9 11 13 15 17 0
0 6 9 12 13 15 20 0
0 6 8 12 13 15 17 0
0 7 8 11 13 15 22 1
0 6 9 11 13 15 18 0
1 6 8 12 13 15 17 0
3 7 9 11 13 15 19 0
0 6 8 12 13 15 17 0
1 7 8 11 13 15 20 1
1 6 10 11 13 15 22 1
0 6 8 11 13 15 22 1
0 7 8 12 13 15 22 1
1 6 8 12 13 15 19 0
1 6 9 11 13 15 22 0
0 6 8 12 13 15 17 0
1 7 8 12 13 15 22 1
1 6 8 11 13 16 20 1
1 7 8 11 13 15 20 1
1 6 8 11 13 15 23 1
1 7 8 11 13 15 21 1
0 6 8 11 13 15 20 1
1 6 10 11 13 16 19 1
0 6 9 11 13 15 19 0
0 6 9 11 13 15 18 0
1 6 8 11 13 15 19 0
0 7 8 12 13 15 18 0
1 7 8 11 13 15 20 1
1 6 8 11 13 15 19 0
1 6 8 11 13 15 19 0
1 7 8 12 13 15 17 0
1 7 8 12 13 15 17 0
1 6 8 11 13 15 18 0
0 6 8 12 13 15 21 1
0 6 10 11 13 15 19 1
4 6 10 12 13 15 17 0
1 7 8 11 13 15 21 1
0 6 8 12 13 15 20 1
0 7 8 11 13 15 22 1
1 6 10 11 13 15 18 1
0 6 9 12 13 15 17 0
0 7 9 11 13 15 19 0
1 6 8 11 13 15 17 0
0 6 10 11 13 16 18 0
0 6 10 12 13 15 17 0
1 6 8 11 13 15 17 0
0 6 9 12 13 15 17 0
1 7 9 11 13 15 25 1
0 6 10 12 13 15 20 1
0 6 9 11 13 15 19 0
1 7 8 11 13 15 21 1
1 6 8 11 13 15 17 0
0 6 9 11 13 15 17 0
1 6 8 11 13 15 17 0
4 6 10 11 13 15 17 0
1 6 8 11 13 15 17 0
0 6 8 12 13 15 17 0
0 6 8 11 13 15 18 0
1 6 10 11 13 16 17 1
1 6 10 11 13 16 17 1
4 7 8 11 13 15 17 0
1 6 9 11 13 15 25 1
0 6 10 12 13 16 17 1
3 6 9 12 13 15 17 0
1 6 8 11 13 15 22 1
0 6 8 12 13 15 18 0
1 6 8 12 13 15 17 0
1 6 8 12 13 15 22 1
1 6 8 11 13 15 20 1
1 7 8 12 13 15 17 0
0 6 8 11 13 15 17 0
0 6 9 11 13 15 25 1
1 6 8 11 13 15 17 0
1 6 8 11 13 15 21 1
0 6 9 12 13 15 17 0
0 6 8 12 13 15 17 0
0 6 8 11 13 15 23 1
1 6 8 12 13 15 21 0
1 6 8 12 13 15 20 0
1 6 8 11 13 15 19 0
3 6 9 12 13 15 18 0
0 6 8 11 13 15 22 1
1 6 8 12 13 15 18 0
1 6 10 11 13 15 25 1
1 6 8 11 13 15 25 1
0 6 8 11 13 15 19 1
1 7 10 11 13 15 19 1
0 6 8 12 13 15 19 0
5 6 10 12 13 16 17 1
0 6 9 11 13 15 20 0
1 6 10 11 13 15 17 0
3 7 10 12 13 15 18 0
0 6 8 11 13 15 19 1
3 7 8 11 13 15 18 0
0 6 8 11 13 15 23 1
1 6 8 11 13 15 22 1
0 6 8 11 13 15 21 1
0 6 9 12 13 15 17 0
1 6 10 11 13 15 17 0
1 6 8 11 13 15 20 1
1 6 10 12 13 15 17 0
1 6 8 11 13 15 18 0
1 6 8 12 13 15 17 0
0 6 8 11 13 15 23 1
1 6 8 11 13 15 18 0
1 6 8 11 13 15 25 1
1 7 10 11 13 15 17 0
0 6 8 11 13 15 17 0
0 7 8 11 13 15 17 0
1 6 8 11 13 16 24 1
0 7 9 11 13 15 20 0
1 6 8 11 13 15 18 0
3 6 9 12 13 15 17 0
1 7 8 11 13 15 17 0
0 6 8 12 13 15 18 0
0 6 8 11 13 15 20 1
1 6 10 11 13 16 18 1
1 6 10 11 13 15 22 1
0 6 8 11 13 15 19 1
1 6 9 11 13 15 21 0
1 6 9 11 13 15 17 0
1 6 8 11 13 16 20 1
0 6 8 11 13 15 20 1
1 6 8 11 13 15 22 1
1 6 10 11 13 16 20 1
3 7 9 12 13 15 17 0
1 6 9 11 13 15 19 0
1 7 8 11 13 15 25 1
4 6 8 11 13 15 19 1
1 6 8 11 13 15 22 1
1 6 8 12 13 15 21 0
1 6 10 11 13 16 18 1
0 6 8 11 13 15 17 0
1 6 10 11 13 16 17 1
0 6 8 12 13 15 19 0
0 7 8 12 13 15 20 1
4 6 9 11 13 15 20 0
0 6 9 11 13 15 18 0
1 6 8 11 13 15 20 1
1 7 8 12 13 15 20 0
1 7 9 11 13 15 19 0
3 7 10 11 13 15 18 0
0 6 9 12 13 15 17 0
3 6 8 11 13 16 22 1
1 7 8 12 13 15 18 0
1 6 10 11 13 16 18 1
0 6 8 11 13 15 17 0
1 6 9 12 13 15 23 1
1 6 8 11 13 15 20 1
0 7 8 12 13 15 17 0
1 6 10 11 13 15 17 0
1 6 10 12 13 15 17 0
1 6 8 11 13 15 23 1
1 6 8 11 13 16 25 1
1 6 8 11 14 15 24 1
0 7 8 11 13 15 17 0
3 6 8 11 13 15 25 1
3 6 8 11 13 15 18 0
1 6 9 12 13 15 18 0
1 6 9 11 13 15 23 1
1 6 10 11 13 15 19 1
0 6 10 11 13 15 17 0
0 7 8 11 13 15 18 0
1 6 10 12 13 15 17 0
1 6 10 11 13 16 19 1
1 6 8 12 13 15 19 0
0 6 9 12 13 15 17 0
1 6 9 11 13 15 23 1
3 6 9 11 13 15 17 0
1 6 8 11 13 15 22 1
1 6 9 11 13 15 21 0
0 6 9 11 13 15 20 0
1 6 9 12 13 15 25 1
0 6 8 12 13 15 17 0
0 6 9 11 13 15 19 0
1 6 10 11 13 16 22 1
0 7 9 12 13 15 17 0
1 7 8 11 13 15 17 0
3 6 8 11 13 15 17 0
1 6 9 12 13 15 23 1
0 6 8 11 13 15 17 0
1 6 8 11 13 15 22 1
0 6 8 11 13 15 17 0
4 6 8 11 13 15 18 0
4 6 10 11 13 15 21 1
0 6 8 11 13 15 21 1
1 6 9 11 13 15 23 1
1 6 8 11 14 16 25 1
1 6 10 11 13 15 19 1
0 7 9 11 13 15 17 0
1 6 9 11 13 15 20 0
0 6 9 11 13 15 17 0
0 7 9 12 13 15 17 0
1 6 8 11 13 16 25 1
1 7 8 12 13 15 17 0
0 6 9 11 13 15 22 1
0 7 9 12 13 15 17 0
1 6 8 11 13 15 22 1
1 6 8 12 13 15 20 1
0 6 10 11 13 15 19 1
0 6 10 11 13 16 19 1
0 6 9 11 13 15 22 0
1 6 10 11 13 15 19 1
1 6 9 11 13 15 23 1
1 6 8 12 13 16 23 1
1 6 8 11 13 15 23 1
1 6 9 11 13 15 20 0
0 7 8 11 13 16 20 1
1 6 8 11 13 16 21 1
1 7 8 11 13 15 18 0
0 6 8 12 13 15 18 0
1 6 8 11 13 15 25 1
1 6 8 11 13 15 17 0
1 6 8 11 13 15 19 0
0 6 8 11 13 15 19 1
3 6 8 11 13 15 17 0
0 6 8 11 13 15 17 0
1 6 8 11 13 15 18 0
4 6 10 12 13 15 17 0
0 7 9 12 13 15 17 0
3 6 8 12 13 15 17 0
1 6 8 11 13 15 24 1
1 6 8 11 13 15 23 1
1 6 8 12 13 15 17 0
1 6 10 12 13 15 17 0
1 6 9 11 13 15 26 1
3 6 9 11 13 15 18 0
0 6 10 11 13 15 18 0
1 6 8 11 13 15 21 1
1 6 8 11 13 15 22 1
0 7 10 12 13 15 17 0
0 6 8 11 13 15 17 0
1 6 8 11 13 16 23 1
1 6 8 12 13 15 21 0
0 6 10 11 13 16 17 0
1 6 8 11 13 15 20 1
0 7 8 12 13 15 17 0
0 6 8 12 13 16 19 1
1 6 10 11 13 16 17 1
1 6 10 11 13 15 18 1
1 7 9 11 13 15 17 0
0 6 8 12 13 15 20 1
0 6 9 12 13 15 17 0
0 6 8 11 13 15 22 1
1 6 10 11 13 15 19 1
1 6 8 12 13 15 17 0
1 6 10 11 13 15 18 1
1 6 10 11 13 15 18 1
0 7 8 11 13 15 17 0
0 6 8 11 13 15 19 1
0 6 8 11 13 15 17 0
1 6 9 11 13 15 22 0
0 6 10 11 13 15 19 1
1 7 10 11 13 15 17 0
0 6 8 11 13 15 17 0
3 6 8 12 13 15 17 0
1 7 8 11 13 15 22 1
1 6 8 11 13 15 18 0
1 6 10 11 13 16 19 1
0 6 9 11 13 15 20 0
4 6 8 11 13 15 17 0
1 6 8 11 13 15 22 1
1 6 8 12 13 15 22 1
0 6 9 12 13 16 19 0
3 6 10 11 13 15 17 0
1 6 8 11 13 15 17 0
1 6 10 11 13 15 17 0
1 6 10 11 13 15 17 0
0 6 8 11 14 15 23 1
1 6 8 11 13 15 19 0
1 6 8 11 13 15 22 1
0 6 8 12 13 15 17 0
1 7 8 11 13 15 20 1
0 6 8 11 13 15 19 1
0 6 8 11 13 15 17 0
1 6 8 12 13 15 19 0
1 6 10 11 13 15 18 1
1 6 9 11 13 15 20 0
0 7 9 12 13 15 17 0
1 6 8 11 13 15 22 1
1 6 8 12 13 15 17 0
2 7 9 11 13 15 22 0
1 7 8 11 13 15 20 1
0 7 10 11 13 15 17 0
0 7 9 12 13 15 17 0
1 6 8 11 13 15 18 0
0 6 9 11 13 15 20 0
3 7 9 12 13 15 18 0
3 6 10 11 13 15 17 0
1 6 8 11 13 15 19 0
0 6 8 11 13 15 20 1
1 6 8 11 13 15 18 0
0 7 8 12 13 15 18 0
0 6 8 11 13 15 20 1
1 6 8 11 13 15 19 0
5 6 8 11 13 15 17 0
1 6 10 12 13 16 18 1
1 6 10 11 13 15 17 0
0 6 8 12 13 15 17 0
1 6 9 11 13 15 22 0
4 6 8 11 13 15 18 0
1 6 8 12 13 16 22 1
1 6 8 11 13 15 23 1
3 7 8 11 13 15 17 0
1 6 10 11 13 15 18 1
0 6 8 11 13 15 17 0
1 6 8 11 13 15 25 1
1 6 8 12 13 15 25 1
0 6 9 11 13 15 18 0
1 6 10 11 13 15 18 1
4 6 8 11 13 15 18 0
0 6 10 11 13 15 18 0
1 6 10 11 13 15 17 0
1 6 8 11 13 15 17 0
1 6 8 11 13 15 22 1
1 6 9 11 13 15 25 1
0 6 9 11 13 15 25 1
1 6 8 11 13 15 18 0
0 6 8 11 13 15 18 0
1 6 10 12 13 16 20 1
3 6 8 11 13 15 18 0
1 6 8 12 13 15 19 0
3 6 9 12 13 15 18 0
1 7 10 12 13 15 22 1
1 6 8 11 13 15 23 1
1 6 8 12 13 15 17 0
3 6 8 12 13 15 17 0
1 6 10 11 13 16 18 1
3 6 9 11 13 15 17 0
1 6 8 11 13 15 17 0
4 6 8 11 13 15 19 1
1 7 8 12 13 15 18 0
3 6 8 11 13 15 19 0
0 6 8 12 13 15 17 0
0 6 10 11 13 15 18 0
0 6 8 12 13 15 22 1
1 6 10 11 13 15 19 1
0 6 10 11 13 16 22 1
1 6 8 12 13 15 21 1
0 6 9 11 13 15 17 0
1 6 8 11 13 15 22 1
1 6 9 11 13 15 17 0
0 6 8 12 13 15 20 1
3 6 8 11 13 15 17 0
1 6 10 11 13 15 17 0
1 6 10 11 13 15 18 1
0 7 8 11 13 15 20 1
1 6 10 11 13 16 17 1
0 6 9 11 13 15 17 0
0 6 8 12 13 15 17 0
4 6 9 11 13 15 17 0
1 6 8 11 13 15 18 0
0 7 10 11 13 15 19 0
1 6 8 11 13 15 22 1
1 6 10 11 13 15 18 1
1 6 8 11 13 15 22 1
1 6 8 11 13 15 23 1
1 6 8 12 13 15 20 0
1 7 9 11 13 15 22 0
1 6 8 12 13 15 17 0
0 6 10 11 13 15 17 0
1 6 10 12 13 15 18 0
1 6 8 11 13 15 20 1
1 6 8 11 13 15 23 1
1 6 10 11 13 16 22 1
4 7 10 11 13 15 17 0
1 6 8 11 13 15 20 1
1 6 9 12 13 15 19 0
1 6 8 11 13 15 18 0
0 7 9 12 13 15 17 0
3 6 8 11 13 15 21 1
0 6 9 11 13 15 17 0
1 6 8 11 13 15 25 1
4 6 9 11 13 15 23 1
1 7 9 12 13 15 22 1
3 6 8 11 13 15 17 0
1 6 8 11 13 15 25 1
0 7 9 12 13 15 17 0
1 6 10 11 13 16 17 1
1 6 10 12 13 15 18 0
0 6 9 11 13 15 20 0
1 6 8 11 14 15 20 1
1 6 8 11 13 15 22 1
1 6 8 11 13 15 17 0
4 6 8 11 13 15 17 0
1 6 8 11 13 15 22 1
0 6 8 12 13 15 18 0
0 6 10 11 13 16 17 0
1 6 10 11 13 15 19 1
1 6 8 11 13 15 22 1
0 6 8 11 13 15 19 1
1 6 8 12 13 15 21 0
1 7 8 11 13 15 18 0
0 7 8 11 13 16 18 0
1 6 10 12 13 16 17 1
3 6 8 12 13 15 17 0
0 6 10 12 13 15 17 0
0 6 8 11 13 15 18 0
0 7 8 12 13 15 17 0
1 6 10 12 13 15 17 0
3 6 9 12 13 15 18 0
1 6 8 11 13 15 21 1
0 6 8 12 13 15 17 0
0 6 9 12 13 15 18 0
1 6 8 11 13 15 23 1
0 6 8 12 13 15 19 0
0 6 9 11 13 15 17 0
1 6 9 12 13 15 17 0
0 6 9 11 13 15 17 0
1 6 9 11 13 15 25 1
1 6 10 11 13 15 20 1
1 6 10 11 13 16 17 1
1 6 8 12 13 15 17 0
1 6 8 11 13 15 21 1
0 6 10 11 13 15 17 0
1 6 8 11 13 15 18 0
0 6 9 12 13 15 17 0
1 6 8 12 13 15 21 0
5 6 8 11 13 15 19 0
1 6 8 11 13 15 20 1
1 6 8 12 13 15 18 0
1 6 9 11 13 15 17 0
1 6 8 11 13 15 21 1
1 6 9 11 13 15 21 0
0 6 8 11 13 15 21 1
1 7 10 11 13 15 19 1
3 6 10 11 13 15 17 0
0 6 8 11 13 15 19 1
0 6 9 12 13 15 17 0
1 6 9 11 13 15 18 0
1 7 9 11 13 15 18 0
0 6 8 12 13 15 20 1
1 6 9 12 13 15 22 1
1 7 8 12 13 15 18 0
0 7 10 12 13 15 17 0
1 6 8 11 13 15 20 1
1 6 10 11 13 16 22 1
4 6 10 11 13 16 20 1
0 7 10 11 13 15 17 0
1 6 8 11 13 16 23 1
3 6 8 12 13 15 18 0
0 7 8 12 13 15 17 0
1 6 8 11 13 15 17 0
4 7 8 11 13 15 19 1
1 6 8 11 13 15 25 1
0 7 8 11 13 15 25 1
0 6 9 12 13 15 17 0
0 6 10 11 13 16 17 0
3 6 8 11 13 15 19 0
1 6 9 12 13 15 25 1
1 6 8 12 13 15 17 0
1 6 8 11 13 15 20 1
1 7 8 11 13 15 23 1
1 7 10 12 13 15 18 0
0 6 10 11 13 15 17 0
0 6 9 12 13 15 18 0
0 7 8 12 13 15 17 0
0 6 8 12 13 15 20 1
0 6 9 11 13 15 21 1
1 7 8 11 13 15 18 0
1 6 9 11 13 15 25 1
3 6 10 11 13 15 17 0
1 7 8 11 13 15 20 1
0 6 10 12 13 16 19 1
1 6 8 11 13 15 25 1
4 6 9 11 13 15 17 0
2 6 8 12 13 15 17 0
0 6 9 11 13 15 22 1
1 7 8 11 13 15 17 0
1 6 8 11 14 15 22 1
0 6 8 12 13 15 17 0
4 7 9 11 13 15 17 0
1 6 8 11 13 15 20 1
0 7 8 12 13 15 17 0
0 6 9 12 13 15 17 0
1 7 10 12 13 16 17 1
0 6 9 12 13 15 23 1
1 6 10 11 13 15 17 0
1 6 10 11 13 15 17 0
1 6 8 11 13 15 20 1
4 6 9 11 13 15 17 0
3 6 9 11 13 15 18 0
1 6 8 11 13 15 17 0
1 6 9 11 13 15 25 1
0 6 9 11 13 15 22 0
1 6 8 12 13 15 17 0
4 6 10 11 13 15 17 0
3 6 8 11 13 15 17 0
3 6 8 11 13 15 20 0
1 6 10 11 13 15 18 1
1 6 10 12 13 15 17 0
1 7 10 11 13 15 17 0
1 7 8 12 13 15 17 0
3 6 8 11 13 15 17 0
0 6 8 11 13 15 19 1
0 6 9 11 13 15 17 0
1 7 9 12 13 15 17 0
1 6 8 12 13 16 25 1
0 6 8 11 13 15 20 1
0 6 8 12 13 15 19 0
0 7 9 11 13 15 18 0
4 6 8 11 13 15 20 1
1 6 10 11 13 15 18 1
0 6 9 12 13 15 17 0
4 7 9 12 13 15 17 0
1 6 8 11 14 15 22 1
1 6 8 11 13 15 25 1
2 6 8 12 13 15 17 0
1 6 9 11 13 15 25 1
0 6 9 12 13 15 21 0
1 6 8 12 13 15 17 0
1 6 10 11 13 15 18 1
1 6 8 11 13 16 23 1
1 6 9 12 13 15 22 1
0 6 9 11 13 15 17 0
1 6 8 11 14 16 25 1
1 6 8 11 13 15 17 0
5 6 8 12 13 15 20 0
0 6 8 12 13 15 18 0
0 6 9 11 13 15 19 0
0 7 10 12 13 15 22 1
1 7 8 11 13 15 18 0
1 6 10 11 13 15 17 0
3 6 10 12 13 15 17 0
0 6 8 11 13 15 18 0
0 7 8 12 13 15 17 0
1 6 8 11 13 15 22 1
1 6 8 11 13 15 18 0
1 6 8 12 13 15 22 1
1 6 8 12 13 15 20 1
2 6 8 11 13 15 23 1
0 6 8 11 13 15 17 0
0 6 10 12 13 16 20 1
4 6 9 11 13 15 19 0
1 6 8 12 13 15 21 0
1 6 10 11 13 15 17 0
0 6 8 11 13 15 17 0
0 6 10 12 13 15 17 0
1 6 8 12 13 15 21 0
1 6 10 11 13 15 17 0
1 7 8 11 13 15 20 1
1 6 8 11 13 15 18 0
4 6 9 11 13 15 18 0
1 6 8 11 13 15 20 1
4 6 8 11 13 15 17 0
1 6 8 12 13 15 19 0
1 6 8 11 14 15 25 1
3 6 8 11 13 16 17 0
0 6 9 12 13 15 17 0
1 6 8 11 13 15 22 1
1 6 10 11 13 16 19 1
3 6 8 11 13 15 17 0
4 7 8 12 13 15 17 0
4 6 8 11 13 15 17 0
0 6 9 12 13 15 19 0
1 7 8 11 13 15 17 0
1 6 8 11 13 16 23 1
1 6 10 11 13 15 19 1
1 6 10 11 13 15 20 1
0 6 8 12 13 15 19 0
1 6 8 11 13 15 23 1
4 6 8 11 13 15 22 1
0 6 10 11 13 16 17 0
0 6 8 11 13 15 18 0
1 6 9 12 13 15 18 0
1 6 8 11 13 15 21 1
1 7 8 12 13 15 17 0
1 6 8 11 14 15 23 1
1 6 8 11 13 15 20 1
1 6 8 12 13 15 19 0
3 6 8 12 13 15 18 0
4 7 10 12 13 15 17 0
0 6 9 12 13 15 17 0
1 6 8 11 13 15 23 1
0 6 10 11 13 15 20 1
0 7 8 11 13 15 17 0
1 6 10 11 13 15 17 0
0 6 8 11 13 15 19 1
1 6 10 11 13 15 17 0
1 6 8 11 14 15 23 1
1 6 10 12 13 15 20 1
1 6 8 11 13 15 18 0
1 7 8 12 13 15 17 0
0 6 8 11 13 15 20 1
0 6 9 11 13 15 18 0
1 7 8 11 13 15 23 1
1 6 8 11 13 15 18 0
3 6 9 12 13 15 17 0
1 6 9 11 13 15 20 0
1 6 8 11 13 15 21 1
1 7 8 11 13 15 17 0
1 7 8 11 13 15 22 1
1 6 8 12 13 15 22 1
0 7 8 11 13 15 19 1
1 6 9 11 13 15 22 0
0 6 10 12 13 15 20 1
1 6 10 11 13 15 17 0
0 6 8 12 13 15 22 1
4 6 8 12 13 15 17 0
4 6 8 12 13 15 17 0
3 6 8 11 13 15 23 1
0 6 8 11 13 15 18 0
0 6 9 11 13 15 19 0
1 6 8 12 13 16 23 1
1 6 8 12 13 15 19 0
0 7 8 11 13 15 19 1
1 7 8 11 13 15 19 0
1 6 8 11 13 15 17 0
0 6 9 12 13 15 17 0
1 6 8 11 13 16 23 1
3 6 8 11 13 15 20 0
0 6 8 12 14 15 25 1
1 6 10 11 13 15 22 1
1 6 10 11 13 15 18 1
0 6 9 12 13 15 17 0
0 6 8 11 13 15 18 0
1 6 10 11 13 15 19 1
1 6 10 12 13 15 18 0
0 6 10 12 13 15 18 0
0 6 9 12 13 15 17 0
1 6 8 11 13 16 19 1
1 6 8 12 13 15 23 1
1 6 9 12 13 15 17 0
1 6 8 12 13 15 18 0
1 6 8 11 13 15 19 0
1 6 8 11 13 15 24 1
0 6 9 11 13 15 19 0
0 6 8 11 13 15 23 1
0 6 8 11 13 15 19 1
1 6 8 11 13 15 18 0
0 7 8 12 13 15 18 0
1 7 8 12 13 15 17 0
3 6 8 11 13 15 23 1
1 6 10 11 13 15 17 0
0 6 9 12 13 15 17 0
1 6 8 12 13 15 20 0
1 6 10 12 13 15 17 0
1 7 9 11 13 15 18 0
1 6 8 12 13 15 25 1
0 6 8 11 13 15 20 1
1 6 8 11 13 15 17 0
1 7 8 12 13 15 17 0
1 6 10 11 13 16 18 1
1 6 10 12 13 15 17 0
1 6 8 11 13 15 21 1
1 6 8 11 13 15 17 0
1 6 9 11 13 15 17 0
0 6 9 12 13 15 20 0
1 6 8 11 13 15 19 0
0 6 10 12 13 15 17 0
1 6 9 12 13 15 25 1
3 6 8 11 13 15 19 0
1 6 8 12 13 16 23 1
1 6 9 12 13 15 17 0
0 6 8 12 13 16 20 1
1 6 10 11 13 15 17 0
4 6 9 11 13 15 17 0
1 6 10 11 13 15 17 0
0 6 9 12 13 15 17 0
0 6 8 11 13 15 17 0
5 6 9 11 14 15 25 1
0 6 8 11 13 15 18 0
0 6 8 11 13 15 17 0
0 6 9 11 13 15 17 0
1 6 8 11 13 15 17 0
1 6 8 12 13 15 22 1
1 7 10 11 13 15 17 0
1 6 8 11 13 16 20 1
0 6 8 11 13 15 19 1
1 6 8 11 13 15 20 1
1 6 8 12 13 15 20 1
1 6 8 11 13 15 21 1
0 6 8 12 13 15 17 0
1 6 8 12 13 15 22 1
0 7 9 12 13 15 17 0
0 7 9 12 13 15 17 0
1 7 8 11 13 15 18 0
1 7 8 11 13 15 18 0
1 6 8 11 13 15 17 0
1 6 10 11 13 15 20 1
1 7 8 11 13 15 19 0
0 6 8 12 13 15 22 1
3 7 9 12 13 15 17 0
1 7 8 12 13 15 18 0
1 6 8 12 13 15 25 1
1 6 10 12 13 15 17 0
1 7 8 11 13 15 17 0
3 6 8 11 13 15 21 1
1 6 10 11 13 15 18 1
4 6 8 11 13 15 18 0
0 6 9 11 13 15 25 1
0 6 8 12 13 15 17 0
0 6 8 11 13 15 21 1
0 6 9 12 13 15 19 0
3 7 8 12 13 15 17 0
1 6 9 12 13 15 23 1
1 6 8 12 13 15 20 0
0 6 8 12 13 15 17 0
1 6 8 11 13 15 20 1
4 6 8 11 13 15 21 1
3 6 8 12 13 15 20 0
3 6 8 11 13 15 23 1
1 6 8 11 13 15 21 1
3 6 8 12 13 15 17 0
0 6 9 12 13 15 19 0
0 6 9 11 13 15 18 0
1 7 10 12 13 15 17 0
1 7 8 11 13 15 17 0
1 6 10 12 13 16 18 1
0 6 8 12 13 15 20 1
1 6 9 11 13 15 22 0
1 6 8 12 13 15 17 0
0 6 10 11 13 16 18 1
0 6 9 12 13 15 17 0
1 6 8 11 14 15 23 1
0 6 10 11 13 15 19 1
0 6 8 12 13 15 20 1
1 6 10 11 13 15 17 0
1 6 10 11 13 15 19 1
0 7 8 12 13 15 17 0
1 7 9 12 13 15 22 1
4 6 8 11 13 15 18 0
0 6 8 11 13 15 22 1
1 7 8 12 13 15 17 0
1 6 10 11 13 15 18 1
0 6 10 11 14 15 23 1
1 6 8 11 13 15 17 0
0 6 8 11 13 15 17 0
4 6 8 11 13 15 22 1
1 6 8 12 13 15 18 0
1 6 8 11 13 15 22 1
1 6 8 12 13 15 17 0
1 6 8 12 14 15 25 1
0 6 9 11 13 15 19 0
0 6 10 11 13 15 18 0
1 6 8 12 13 15 19 0
3 6 9 11 13 15 17 0
0 6 8 11 13 15 20 1
3 7 8 12 13 15 17 0
0 6 8 12 13 15 22 1
1 6 9 11 13 15 17 0
0 6 8 12 13 15 23 1
0 6 8 12 13 16 22 1
1 6 10 11 13 15 17 0
1 7 10 11 13 15 17 0
0 6 10 11 13 16 19 1
0 7 9 11 13 15 18 0
0 6 9 11 13 15 19 0
1 6 10 11 13 16 19 1
1 6 8 11 13 15 18 0
1 6 8 12 13 15 17 0
0 6 8 11 13 15 22 1
1 6 8 11 14 15 22 1
1 6 8 12 13 15 18 0
1 6 10 11 13 15 17 0
1 7 10 11 13 15 17 0
0 6 8 11 13 15 19 1
0 6 9 11 13 15 22 0
0 6 8 11 13 15 18 0
0 6 8 12 13 15 18 0
0 6 8 12 13 15 19 0
0 7 10 12 13 15 17 0
1 6 10 11 13 15 17 0
1 6 10 11 13 15 17 0
1 6 8 11 13 15 23 1
0 7 8 11 13 15 18 0
1 6 10 11 13 16 18 1
0 6 8 12 13 15 17 0
1 6 8 12 13 15 17 0
3 6 8 11 13 15 17 0
1 6 8 11 13 15 22 1
1 6 8 11 13 15 19 0
1 7 8 12 13 15 17 0
3 6 8 11 13 15 17 0
0 6 8 12 13 15 17 0
0 6 8 11 13 15 18 0
0 6 8 11 13 15 17 0
1 6 8 12 13 15 17 0
1 6 8 11 13 15 23 1
0 6 9 12 13 15 18 0
1 6 10 12 14 15 22 1
1 7 8 11 13 15 20 1
1 6 8 11 13 16 22 1
0 6 8 11 13 15 21 1
0 6 9 12 13 15 22 1
0 6 8 11 13 15 17 0
1 6 10 11 13 15 18 1
0 6 8 12 13 15 17 0
0 6 8 11 13 15 20 1
0 6 10 12 13 15 18 0
0 6 9 12 13 15 18 0
1 7 8 12 13 16 23 1
2 6 10 12 13 15 18 0
0 6 8 11 13 15 23 1
1 6 10 11 13 15 17 0
1 6 8 11 13 15 22 1
1 7 8 11 13 15 18 0
1 6 8 11 13 15 18 0
0 6 8 11 13 15 21 1
1 6 8 12 13 15 17 0
4 6 10 11 13 15 21 1
0 6 9 11 13 15 18 0
3 6 8 11 13 15 20 0
1 6 8 12 13 15 20 1
0 6 8 11 13 15 21 1
1 6 8 12 13 15 18 0
1 6 8 12 13 15 18 0
1 6 8 11 14 16 25 1
0 6 9 11 13 15 18 0
1 6 10 12 13 15 17 0
1 6 10 12 13 15 17 0
1 6 10 11 13 15 19 1
0 6 9 12 13 15 20 0
1 6 8 11 13 15 22 1
1 6 8 11 13 16 25 1
1 6 8 11 13 15 17 0
0 7 9 12 13 15 17 0
0 6 9 11 13 15 23 1
1 6 8 11 13 15 24 1
0 7 9 12 13 15 17 0
1 6 10 11 13 16 17 1
1 6 9 11 13 15 23 1
1 6 10 11 13 16 18 1
0 6 10 12 13 15 20 1
1 7 10 12 13 15 17 0
3 6 8 11 13 15 18 0
1 7 10 11 13 15 19 1
1 6 8 12 13 15 17 0
1 6 8 11 13 15 18 1
1 6 8 12 13 15 17 0
0 6 9 11 13 15 19 0
1 6 8 11 13 15 22 1
1 6 8 12 13 15 22 1
0 7 9 11 13 15 17 0
0 7 8 12 13 15 17 0
0 7 8 11 13 15 19 1
1 7 10 11 13 15 17 0
3 6 9 12 13 15 18 0
4 7 10 11 13 15 17 0
3 6 10 11 13 15 22 1
0 6 10 11 13 15 17 0
0 6 10 11 13 15 20 1
1 6 8 11 13 15 20 1
3 6 8 12 13 15 22 1
0 7 8 11 13 15 22 1
1 6 8 11 13 15 20 1
1 6 10 12 13 15 17 0
0 6 8 11 13 15 18 0
0 6 9 12 13 15 21 0
1 7 10 12 13 15 22 1
3 6 9 11 13 15 25 1
1 6 9 11 13 15 24 1
1 6 10 12 13 16 23 1
3 6 9 11 13 15 22 1
0 6 10 12 13 15 17 0
3 6 8 12 13 15 17 0
1 6 8 11 13 15 19 0
3 6 8 12 13 15 17 0
1 6 8 11 13 15 21 1
1 6 8 12 13 16 25 1
1 6 8 12 13 15 19 0
0 6 8 11 13 15 17 0
1 6 8 11 13 16 20 1
1 6 10 12 13 16 18 1
0 7 8 11 13 15 20 1
1 7 8 12 13 15 17 0
0 6 10 11 13 16 17 0
3 6 8 12 13 15 17 0
3 6 10 11 13 15 17 0
1 6 8 11 13 15 21 1
1 6 8 11 13 15 17 0
0 6 9 11 13 15 17 0
0 6 8 11 13 15 17 0
3 6 8 11 13 15 22 1
1 6 10 11 13 15 17 0
0 6 9 12 13 15 18 0
0 7 9 12 13 15 18 0
1 7 9 11 13 15 19 0
0 6 8 12 13 15 21 1
4 6 8 12 13 15 20 1
1 6 10 11 13 15 17 0
1 6 9 11 13 15 20 0
1 6 9 12 13 15 17 0
3 6 9 11 13 15 17 0
1 6 9 11 13 15 25 1
1 6 9 12 13 15 17 0
1 6 10 11 13 15 18 1
4 7 8 11 13 15 18 0
0 6 9 11 13 15 17 0
4 6 10 11 13 15 17 0
1 7 9 11 13 15 20 0
1 6 10 12 13 15 17 0
0 6 10 11 13 15 20 1
4 7 8 11 13 15 17 0
0 7 8 12 13 15 18 0
0 6 8 12 13 15 17 0
1 7 8 12 13 15 23 1
4 6 10 11 13 15 18 1
1 6 10 12 13 15 18 0
1 7 9 11 13 15 17 0
0 6 8 11 13 15 21 1
3 6 8 11 13 15 21 1
1 6 8 11 14 15 23 1
1 6 8 11 13 15 19 0
3 6 8 12 13 15 18 0
1 6 8 12 13 15 19 0
4 6 8 12 13 15 17 0
3 6 8 12 13 15 18 0
1 6 10 11 13 15 20 1
4 6 9 12 13 15 17 0
1 6 10 12 13 15 17 0
0 7 8 11 13 15 19 1
1 6 8 12 13 15 23 1
1 6 8 12 13 15 21 0
1 6 8 11 13 15 21 1
1 7 8 11 13 15 18 0
3 6 8 12 13 15 20 0
4 6 8 11 13 15 19 1
0 6 10 11 13 15 20 1
1 6 8 12 13 15 20 0
0 6 9 11 13 15 25 1
1 6 8 12 13 15 17 0
0 7 10 12 13 15 17 0
0 7 8 11 13 15 19 1
0 6 8 12 13 15 18 0
1 6 8 12 13 16 20 1
3 6 8 11 13 15 23 1
0 6 9 12 13 15 20 0
1 6 10 11 13 15 18 1
1 6 10 12 13 15 19 1
1 6 10 11 13 15 17 0
0 6 10 11 13 15 18 0
0 7 10 11 13 15 17 0
1 6 10 11 13 16 19 1
0 6 8 11 13 15 19 1
1 6 8 12 13 15 17 0
0 6 9 12 13 15 22 1
1 6 8 11 13 15 17 0
0 6 8 11 13 15 17 0
1 6 10 11 13 15 20 1
1 6 8 11 13 15 18 0
3 7 8 11 13 15 23 1
1 6 9 11 13 15 22 0
0 6 8 11 13 15 17 0
1 7 10 11 13 15 17 0
4 6 9 12 13 15 17 0
1 7 10 11 13 15 19 1
1 7 10 12 13 15 17 0
0 6 8 12 13 15 19 0
0 6 8 12 13 15 23 1
1 6 9 12 13 15 18 0
1 6 9 11 13 15 20 0
1 6 9 11 13 15 20 0
0 6 9 12 13 15 17 0
0 6 8 11 13 15 17 0
0 6 9 12 13 15 17 0
1 7 10 11 13 15 18 0
1 7 9 12 13 15 17 0
0 7 8 11 13 15 20 1
0 7 8 12 13 15 17 0
0 6 8 12 13 15 19 0
1 6 9 11 13 15 20 0
0 6 8 12 13 15 17 0
0 6 9 12 13 15 18 0
0 6 8 12 13 15 17 0
1 7 8 11 13 15 18 0
0 7 9 11 13 15 18 0
0 6 9 11 13 15 17 0
1 6 8 11 13 15 17 0
0 6 9 11 13 15 17 0
0 6 8 12 13 15 20 1
0 6 9 11 13 15 17 0
0 7 9 12 13 15 17 0
1 6 8 11 13 16 20 1
1 6 8 11 13 15 19 0
0 6 8 12 13 15 20 1
0 6 8 12 13 15 17 0
1 7 8 12 13 15 22 1
0 7 8 11 13 15 17 0
1 6 8 11 13 15 22 1
0 6 8 12 13 15 19 0
3 6 8 11 13 15 17 0
1 7 8 11 13 15 22 1
1 6 9 12 13 15 17 0
1 6 8 11 13 15 17 0
0 7 8 12 13 15 17 0
4 6 10 12 13 15 17 0
1 6 8 12 13 15 22 1
1 6 10 12 13 15 17 0
3 6 9 12 13 15 17 0
4 6 10 12 13 15 17 0
3 7 9 12 13 15 17 0
1 6 8 11 13 15 23 1
3 6 8 11 13 15 20 0
0 6 8 11 13 15 17 0
0 7 10 11 13 15 20 0
0 6 8 11 13 15 18 0
1 6 9 11 13 15 21 0
3 6 9 11 13 15 20 0
2 6 8 12 13 15 22 1
0 6 8 11 13 15 19 1
3 6 10 12 13 15 17 0
0 6 10 11 13 15 17 0
1 6 8 11 13 15 21 1
1 6 8 12 13 15 19 0
4 6 8 11 13 15 18 0
1 6 8 12 13 15 17 0
0 6 9 11 13 15 19 0
1 6 8 11 13 15 21 1
1 6 8 11 13 15 23 1
1 6 8 11 13 15 22 1
0 6 9 12 13 15 17 0
3 6 8 12 13 15 20 0
1 6 8 12 13 15 24 1
0 6 8 11 13 15 17 0
0 6 10 11 13 15 17 0
1 7 8 11 13 15 23 1
0 6 8 11 13 15 23 1
0 7 8 11 13 15 18 0
0 6 8 11 13 15 17 0
0 6 10 11 13 15 17 0
0 6 8 11 13 15 17 0
3 6 8 11 13 15 18 0
1 6 8 11 13 15 17 0
0 7 9 11 13 15 18 0
3 7 9 12 13 15 17 0
0 6 9 12 13 15 18 0
1 6 8 12 13 15 17 0
1 6 10 11 13 15 18 1
4 6 10 11 13 15 17 0
1 7 8 12 13 15 18 0
1 6 8 11 13 15 19 0
1 7 10 11 13 15 17 0
1 6 10 11 13 15 19 1
0 6 8 11 13 15 18 0
1 6 8 11 13 15 17 0
1 6 10 11 13 15 17 0
4 7 9 11 13 15 17 0
1 7 8 11 13 15 19 0
0 6 9 12 13 15 17 0
1 6 9 11 13 15 21 0
1 6 10 11 13 15 18 1
1 6 8 12 13 15 20 1
1 7 8 12 13 15 17 0
3 6 8 11 13 15 17 0
1 7 10 11 13 15 22 1
0 6 10 12 13 16 18 1
0 6 8 11 13 15 22 1
4 6 8 11 13 15 22 1
1 6 8 11 13 15 20 1
0 6 8 11 13 15 18 0
0 6 9 12 13 15 17 0
0 6 9 11 13 15 17 0
1 6 8 11 13 15 21 1
0 6 10 12 13 15 18 0
0 6 9 12 13 15 17 0
3 6 9 11 13 15 21 1
0 6 10 11 13 16 18 0
1 6 9 11 13 15 23 1
0 6 8 11 13 15 17 0
1 6 8 11 13 15 22 1
1 6 8 11 13 15 20 1
3 6 8 12 13 15 18 0
0 6 10 11 13 15 20 1
1 6 9 12 13 15 23 1
1 6 8 11 13 15 25 1
0 6 8 12 13 15 20 1
1 7 8 11 13 15 19 0
0 6 9 11 13 15 18 0
1 7 8 11 13 15 22 1
0 7 9 12 13 15 19 0
0 6 8 11 13 15 21 1
0 6 8 11 13 16 18 0
1 7 8 11 13 15 20 1
1 6 10 12 13 15 19 1
0 6 8 11 13 15 17 0
5 6 8 11 13 15 22 1
1 6 10 11 13 16 20 1
0 6 9 12 13 15 18 0
1 6 8 11 13 15 21 1
1 6 8 12 13 16 19 1
0 6 8 11 13 15 19 1
1 6 10 11 13 15 17 0
0 6 10 11 13 15 17 0
0 6 8 11 13 15 17 0
0 6 9 12 13 15 17 0
1 6 10 12 13 15 17 0
0 6 9 12 13 15 20 0
1 6 10 11 13 16 19 1
1 6 8 11 13 15 19 0
1 6 8 11 13 15 17 0
1 6 10 11 13 15 17 0
0 6 8 11 13 15 18 0
1 6 8 11 13 15 17 0
0 6 9 11 13 15 22 0
1 6 8 11 13 15 22 1
4 6 10 11 13 15 17 0
1 6 8 11 13 15 18 0
0 7 10 11 13 15 17 0
1 6 8 12 13 16 20 1
3 7 8 12 13 15 17 0
1 6 8 11 13 15 22 1
0 7 8 11 13 15 17 0
1 6 9 12 13 15 22 1
0 6 8 11 13 15 17 0
1 6 9 11 13 15 22 0
1 7 8 12 13 15 17 0
0 6 10 11 13 15 17 0
0 6 8 11 13 15 17 0
1 6 10 12 13 16 20 1
0 6 8 12 13 15 18 0
1 6 8 11 13 15 17 0
0 6 9 11 13 15 23 0
0 6 8 11 13 15 22 1
0 6 8 11 13 15 18 0
1 6 8 11 13 15 23 1
1 6 9 11 13 15 23 1
1 6 8 12 13 15 20 1
1 7 8 11 13 15 22 1
0 6 10 11 13 15 18 0
0 6 10 12 13 15 17 0
0 6 9 11 13 15 22 0
1 6 10 11 13 16 20 1
1 6 10 12 13 15 18 0
1 7 9 11 13 15 18 0
1 6 8 12 13 15 17 0
0 7 8 11 13 15 17 0
1 6 10 12 13 15 17 0
1 6 8 11 13 16 19 1
1 6 10 11 13 15 17 0
1 6 8 11 13 15 17 0
0 7 10 12 13 15 20 1
1 6 10 12 13 15 17 0
1 6 8 11 13 15 18 0
2 6 9 11 13 15 20 0
0 6 8 11 13 15 22 1
1 6 10 11 13 15 18 1
0 6 8 11 13 15 20 1
1 6 8 12 13 15 19 0
0 7 8 11 13 15 19 1
1 6 8 11 13 15 22 1
1 6 8 12 13 15 19 0
1 6 8 12 13 15 22 1
0 6 9 12 13 15 17 0
1 6 8 11 13 15 25 1
0 6 10 11 13 16 18 0
3 6 10 11 13 15 17 0
1 6 10 12 13 15 19 1
0 6 8 12 13 15 18 0
1 7 8 11 13 15 25 1
1 6 8 11 13 15 18 0
0 6 8 12 13 15 17 0
0 6 8 12 13 15 17 0
1 6 9 11 13 15 26 1
1 6 8 11 13 15 22 1
0 6 8 12 13 15 20 1
1 6 8 12 13 15 17 0
0 6 9 11 13 15 17 0
0 6 8 11 13 15 17 0
0 6 8 12 13 15 20 1
1 6 10 11 13 15 17 0
0 7 9 12 13 15 17 0
1 6 10 11 13 15 19 1
1 6 10 12 13 15 19 1
1 6 10 11 13 15 18 1
1 6 8 11 13 15 23 1
1 6 9 11 13 15 23 1
0 6 8 11 13 16 23 1
1 6 8 12 13 15 18 0
3 6 8 11 13 15 20 0
1 6 8 12 13 15 17 0
1 6 8 11 13 15 23 1
1 7 8 11 13 15 20 1
0 6 8 11 13 15 20 1
0 7 10 11 13 15 18 0
4 6 10 11 13 15 23 1
1 6 8 11 13 15 22 1
0 6 9 12 13 15 17 0
0 6 8 12 13 15 18 0
1 6 10 11 13 15 18 1
1 6 8 11 13 15 23 1
1 6 9 12 13 15 20 0
0 7 9 12 13 15 22 0
1 6 10 12 13 15 19 1
0 7 9 11 13 15 19 0
3 6 8 12 13 15 18 0
3 6 8 12 13 15 17 0
1 6 8 11 13 15 22 1
0 6 9 11 13 15 17 0
1 6 8 11 13 15 23 1
1 6 9 11 13 15 25 1
1 7 9 11 13 15 17 0
0 6 8 12 13 15 17 0
4 6 10 12 13 15 19 1
1 6 8 12 13 15 22 1
1 7 10 11 13 15 17 0
1 6 10 11 13 15 17 0
3 6 10 11 13 15 17 0
0 7 9 12 13 15 17 0
0 6 9 11 13 15 20 0
1 7 8 12 13 15 18 0
1 6 8 11 13 15 17 0
0 6 9 12 13 15 17 0
0 6 9 11 13 15 23 0
0 6 9 12 13 15 17 0
0 6 10 11 13 15 18 0
3 6 9 11 13 15 18 0
0 6 8 11 13 15 18 0
0 6 9 11 13 15 19 0
3 6 9 12 13 15 17 0
0 6 9 11 13 15 17 0
1 6 10 12 13 15 19 1
1 6 10 11 13 15 17 0
1 6 8 12 13 15 25 1
0 6 8 11 13 15 17 0
1 6 9 11 13 15 18 0
1 6 8 11 13 15 17 0
1 6 9 11 13 15 19 0
1 6 9 11 13 15 18 0
1 6 10 12 13 15 20 1
4 7 10 12 13 15 17 0
1 6 10 12 13 15 17 0
1 7 8 11 13 15 20 1
0 6 8 12 13 15 20 1
1 7 8 11 13 15 20 1
0 6 10 11 13 15 17 0
0 7 9 11 13 15 22 0
0 6 8 11 13 16 20 1
0 6 8 11 13 15 18 0
1 6 8 11 13 15 19 0
0 6 10 12 13 15 17 0
1 6 10 11 13 16 18 1
0 6 9 11 13 15 19 0
1 6 8 11 13 15 17 0
0 6 10 11 13 15 20 1
1 6 10 11 13 15 17 0
0 6 8 11 13 15 17 0
1 7 8 11 13 15 20 1
0 6 8 12 13 15 18 0
0 6 9 11 13 15 20 0
1 6 8 11 13 15 24 1
1 6 8 11 13 15 19 0
1 6 9 11 13 15 20 0
1 6 8 11 13 16 23 1
3 7 10 12 13 15 18 0
1 6 8 11 13 15 22 1
1 6 8 12 13 15 17 0
1 7 8 11 13 15 21 1
1 6 10 11 13 16 17 1
1 6 10 12 13 15 20 1
1 6 8 12 13 15 22 1
1 6 8 11 13 15 22 1
3 7 8 12 13 15 18 0
1 7 8 11 13 15 18 0
1 6 9 12 13 15 22 1
1 6 10 11 13 15 20 1
0 6 9 11 13 15 23 0
0 6 8 11 13 15 18 0
4 6 9 11 13 15 22 1
1 6 10 11 13 15 19 1
0 6 8 12 13 15 17 0
0 6 8 12 13 15 17 0
1 6 10 11 13 15 18 1
1 6 8 11 13 15 17 0
1 6 10 11 13 15 17 0
1 6 8 11 13 15 23 1
1 7 8 11 13 15 17 0
1 6 9 11 13 15 23 1
0 6 8 12 13 15 17 0
1 7 10 11 13 15 20 1
1 6 10 11 13 15 18 1
1 6 8 12 13 15 17 0
0 6 9 12 13 15 17 0
0 6 10 12 13 16 18 1
1 6 9 12 13 15 17 0
1 6 9 11 13 15 17 0
0 6 8 12 13 15 17 0
1 6 8 12 13 15 17 0
0 6 8 12 13 15 17 0
0 7 8 12 13 15 17 0
0 6 9 11 13 15 18 0
0 6 10 11 13 15 18 0
1 6 9 12 13 15 23 0
0 6 8 11 13 15 23 1
1 6 10 11 13 15 20 1
0 7 8 11 13 15 17 0
1 7 8 11 13 15 18 0
1 6 9 12 13 15 19 0
4 6 10 11 13 15 17 0
3 6 8 11 13 15 17 0
0 6 9 11 13 15 17 0
0 6 10 11 13 15 17 0
0 7 10 12 13 15 18 0
0 6 9 12 13 15 18 0
1 7 10 11 13 15 17 0
1 6 10 12 13 15 18 0
3 6 8 12 13 15 19 0
1 6 9 11 13 15 24 1
0 6 9 11 13 15 20 0
1 6 8 11 13 15 22 1
1 6 10 11 13 15 18 1
0 6 9 11 13 15 18 0
1 6 8 11 13 15 22 1
1 6 8 11 13 15 23 1
0 6 8 11 13 15 17 0
1 6 10 11 13 15 19 1
1 6 8 12 13 15 22 1
1 6 8 11 13 15 17 0
1 6 8 12 13 15 17 0
1 6 8 12 13 15 20 1
0 6 8 11 13 15 23 1
0 6 9 11 13 15 19 0
1 6 8 12 13 15 18 0
0 6 8 11 13 16 19 1
1 6 8 11 13 15 20 1
0 6 8 12 13 15 17 0
0 6 9 12 13 15 19 0
1 6 10 11 13 15 21 1
1 6 8 12 14 15 23 1
1 6 8 11 13 15 17 0
1 6 10 11 13 15 17 0
0 6 9 12 13 15 17 0
1 6 8 12 13 15 22 1
1 6 8 11 13 15 20 1
2 6 9 11 13 15 17 0
0 7 9 12 13 15 18 0
1 7 10 11 13 15 17 0
0 7 8 12 13 15 17 0
1 6 10 12 13 15 18 0
0 6 8 11 13 15 18 0
1 6 8 11 13 15 19 0
0 6 8 12 13 15 22 1
1 6 10 12 13 15 17 0
0 6 10 11 13 16 17 0
1 6 10 11 13 15 19 1
0 7 8 12 13 15 20 1
1 6 8 12 13 15 22 1
0 6 9 12 13 15 17 0
1 6 8 11 13 15 17 0
1 6 8 12 13 15 17 0
0 6 9 11 13 15 17 0
1 6 10 12 13 16 19 1
1 6 8 11 13 15 25 1
1 6 10 11 13 15 21 1
1 6 8 11 13 15 23 1
0 7 8 12 13 15 18 0
0 7 9 11 13 15 20 0
0 7 8 12 13 15 18 0
1 6 8 11 13 15 17 0
1 6 8 11 13 15 21 1
1 6 8 11 13 15 23 1
0 6 10 11 13 15 17 0
0 6 10 12 13 16 17 1
1 7 8 12 13 15 17 0
1 6 9 11 13 15 21 0
1 6 8 12 13 15 22 1
3 6 10 11 13 16 17 1
1 6 9 11 13 15 25 1
1 7 8 11 13 15 17 0
1 6 8 12 13 15 23 1
1 6 8 11 13 15 20 1
3 6 9 12 13 15 17 0
1 6 9 11 13 15 17 0
1 6 8 11 13 15 22 1
1 6 8 11 13 15 17 0
3 6 9 12 13 15 18 0
1 6 10 11 13 15 18 1
0 6 8 11 13 15 20 1
1 7 10 12 13 15 17 0
0 6 8 12 13 15 17 0
1 6 8 12 13 15 18 0
0 6 8 11 13 15 17 0
1 6 10 11 13 15 17 0
1 6 9 11 13 15 20 0
1 6 8 11 13 16 26 1
0 6 8 12 13 16 19 1
1 6 9 11 13 15 24 1
1 6 8 12 13 15 20 0
0 6 10 11 13 16 18 1
1 7 10 12 13 15 17 0
0 6 9 12 13 15 18 0
0 7 9 12 13 15 17 0
1 6 8 12 13 15 23 1
1 6 8 12 13 15 18 0
1 6 10 11 13 15 19 1
1 6 8 11 13 16 23 1
1 6 10 11 13 15 22 1
0 6 8 11 13 15 18 0
1 6 8 12 13 15 19 0
0 6 8 11 13 15 18 0
1 7 10 12 13 15 17 0
0 6 8 11 13 15 17 0
1 6 8 12 13 15 23 1
1 6 8 11 13 15 20 1
0 6 10 12 13 15 21 1
3 6 9 11 13 15 17 0
2 6 10 11 13 16 17 1
1 6 8 11 13 15 22 1
0 6 8 12 13 15 18 0
0 7 8 12 13 15 17 0
0 7 9 12 13 15 18 0
0 7 10 12 13 15 19 0
0 6 8 11 13 15 18 0
1 6 8 11 13 15 17 0
1 6 8 12 13 16 25 1
1 6 8 12 13 15 17 0
1 7 10 11 13 15 18 0
1 6 8 12 13 15 17 0
1 6 8 11 13 15 25 1
0 6 9 11 13 15 19 0
1 6 8 12 13 16 22 1
3 6 9 11 13 15 18 0
4 6 8 11 13 15 20 1
0 6 8 11 13 15 17 0
0 7 8 11 13 16 19 1
1 6 10 11 13 15 18 1
1 7 9 11 13 15 20 0
1 6 10 12 13 15 18 0
1 6 8 11 13 15 22 1
0 6 8 11 13 15 19 1
0 6 9 12 13 15 20 0
1 6 8 11 13 15 21 1
1 6 8 11 13 15 23 1
1 6 8 12 13 15 19 0
0 6 10 12 13 15 17 0
0 6 8 11 13 15 17 0
1 6 8 11 14 15 25 1
1 6 8 12 13 15 20 1
0 6 10 11 13 16 21 1
0 6 10 12 13 15 20 1
4 6 8 12 13 15 19 0
0 6 8 11 13 15 17 0
1 6 8 11 13 15 18 0
1 6 10 11 13 15 17 0
0 7 8 12 13 15 17 0
1 6 8 12 13 15 17 0
1 6 10 11 13 16 18 1
0 7 8 12 13 15 17 0
0 6 9 12 13 15 22 0
1 6 8 11 13 15 19 0
1 6 8 12 14 15 25 1
1 6 8 11 13 15 20 1
0 6 9 12 13 15 17 0
0 6 8 11 13 15 20 1
1 6 9 12 13 15 25 1
1 6 8 12 13 15 21 1
1 6 10 11 13 15 18 1
1 6 8 11 13 15 20 1
1 6 10 12 13 15 17 0
4 6 8 12 13 15 18 0
1 7 9 11 13 15 18 0
0 6 8 12 13 16 20 1
1 6 10 11 13 15 18 1
1 6 8 11 13 15 22 1
1 6 8 11 13 15 24 1
1 6 10 11 13 16 17 1
0 7 8 12 13 15 19 0
1 6 8 11 13 15 20 1
0 6 8 11 13 15 18 0
1 6 9 11 13 15 18 0
1 6 8 11 13 15 18 0
0 6 9 12 13 15 23 1
1 6 8 11 13 15 18 0
4 6 10 11 13 15 17 0
0 6 8 12 13 15 20 1
1 6 8 11 13 16 23 1
1 6 8 11 13 15 22 1
1 6 8 12 13 15 23 1
0 6 10 11 13 15 22 1
1 7 8 11 13 15 23 1
1 6 9 11 13 16 23 1
0 6 10 11 13 15 20 1
0 6 8 11 13 15 17 0
1 6 9 11 13 15 22 0
1 6 10 11 13 15 20 1
0 6 8 11 13 15 21 1
0 6 9 11 13 15 22 0
0 6 8 12 13 15 19 0
0 6 9 12 13 15 25 1
0 6 8 11 13 15 17 0
3 7 8 12 13 15 17 0
1 6 8 12 13 15 20 0
1 6 10 11 13 15 17 0
0 6 9 12 13 15 19 0
1 7 8 11 13 15 20 1
1 6 8 11 13 15 22 1
0 6 10 11 13 15 18 0
4 7 8 12 13 15 17 0
1 6 10 11 13 15 19 1
0 6 8 12 13 15 18 0
0 7 8 12 13 15 18 0
1 6 8 12 13 15 20 1
1 6 10 11 13 15 18 1
1 6 8 11 13 15 25 1
0 6 10 11 13 16 22 1
3 6 8 12 13 15 17 0
0 6 8 11 13 15 19 1
1 6 10 11 13 15 17 0
1 6 9 12 13 15 23 0
1 6 10 11 14 15 23 1
0 7 8 11 13 15 17 0
1 6 10 11 13 15 17 0
1 6 8 11 13 15 22 1
1 6 8 12 13 15 17 0
1 7 8 11 13 15 20 1
1 6 8 12 13 15 26 1
1 6 8 11 14 15 23 1
1 6 8 12 13 15 17 0
0 6 8 12 13 15 17 0
1 6 8 11 13 15 23 1
0 6 8 11 13 15 20 1
1 7 10 12 13 15 17 0
3 7 8 11 13 15 25 1
0 6 9 12 13 15 17 0
0 7 8 12 13 15 17 0
0 7 8 12 13 15 21 1
1 7 10 11 13 15 19 1
1 6 8 11 13 15 25 1
0 6 8 12 13 15 17 0
0 6 9 12 13 15 20 0
0 6 8 11 13 15 22 1
0 6 8 11 13 15 18 0
0 6 8 11 13 15 17 0
1 7 8 11 13 15 17 0
1 6 10 12 13 15 18 0
1 6 8 12 13 15 20 0
3 7 8 11 13 15 22 1
0 6 8 12 13 15 17 0
1 6 8 12 13 15 19 0
4 6 9 11 13 15 23 1
1 6 10 11 13 15 22 1
0 6 9 12 13 15 18 0
1 6 9 11 13 16 22 1
3 6 8 12 13 15 19 0
0 7 8 12 13 15 17 0
0 6 9 12 13 15 17 0
4 6 8 12 13 15 18 0
1 7 10 11 13 15 17 0
3 6 9 12 13 15 17 0
1 6 9 11 13 15 22 0
1 6 10 11 13 15 22 1
4 7 8 11 13 15 17 0
1 6 10 11 13 15 17 0
1 6 9 12 13 15 18 0
0 6 8 11 13 15 25 1
1 6 10 11 13 16 19 1
3 6 10 11 13 15 18 1
1 6 8 12 13 15 20 1
1 6 10 11 13 15 17 0
1 6 10 12 13 15 17 0
1 7 8 11 13 15 20 1
1 6 8 12 13 15 18 0
0 6 9 11 13 15 20 0
0 6 8 12 13 15 17 0
1 6 8 12 13 15 17 0
1 6 9 11 13 15 19 0
0 6 8 11 13 15 19 1
1 6 8 12 13 15 17 0
0 6 8 11 13 15 17 0
1 7 8 11 13 15 23 1
1 6 8 12 13 15 18 0
3 6 8 11 13 15 25 1
1 6 8 11 13 15 19 0
1 6 10 11 13 15 18 1
4 6 9 12 13 15 17 0
0 6 8 11 13 15 17 0
1 7 8 11 13 15 20 1
0 6 8 11 13 15 18 0
0 6 8 12 13 15 18 0
1 6 8 11 13 15 22 1
0 7 9 12 13 15 17 0
1 6 10 11 13 15 17 0
1 6 10 11 13 16 18 1
1 6 8 11 13 15 25 1
1 6 8 11 13 15 17 0
0 6 10 11 13 15 18 0
1 6 8 11 13 15 17 0
0 6 8 11 13 15 23 1
0 6 9 11 13 15 20 0
1 6 8 12 13 15 23 1
0 6 8 11 13 15 21 1
0 6 9 12 13 15 22 1
3 6 8 11 13 15 17 0
1 6 8 12 13 15 20 0
1 6 8 11 13 15 25 1
1 7 9 11 13 15 18 0
0 7 10 11 13 15 17 0
0 6 9 11 13 15 18 0
1 7 8 12 13 15 17 0
1 6 10 12 13 16 20 1
1 6 10 11 13 15 17 0
1 6 10 11 13 15 17 0
1 6 8 11 13 15 22 1
1 6 8 12 13 15 17 0
0 6 8 12 13 15 17 0
3 7 8 12 13 15 19 0
0 6 8 11 13 15 23 1
0 6 8 11 13 15 17 0
0 6 8 12 13 15 17 0
3 6 9 12 13 15 17 0
0 6 9 11 13 15 17 0
1 6 8 11 13 15 20 1
1 6 9 12 13 15 25 1
0 6 8 12 13 15 18 0
1 6 9 12 13 15 18 0
1 7 8 11 13 15 18 0
4 6 8 11 13 15 18 0
1 6 8 12 13 15 17 0
0 6 9 11 13 15 22 0
0 6 8 12 13 15 21 1
0 6 9 12 13 15 17 0
1 7 10 12 13 15 17 0
3 6 10 12 13 15 17 0
0 6 10 12 13 15 18 0
1 6 10 11 13 15 18 1
0 6 9 12 13 15 23 1
1 6 8 11 13 15 23 1
2 6 8 11 13 15 17 0
3 6 8 12 13 15 18 0
4 6 9 11 13 15 25 1
1 7 8 11 13 15 20 1
1 6 8 12 13 15 25 1
0 7 8 11 13 15 20 1
1 6 8 11 13 15 19 0
1 7 8 12 13 15 18 0
0 6 8 12 13 15 22 1
1 6 10 11 13 15 17 0
1 6 8 11 13 15 19 0
1 6 8 11 13 15 17 0
1 6 8 11 13 15 20 1
1 6 8 12 13 15 19 0
0 7 8 11 13 15 19 1
1 7 8 11 13 15 20 1
1 6 8 11 13 15 18 0
0 6 8 11 13 15 20 1
1 6 8 12 14 15 25 1
0 7 8 12 13 15 20 1
1 6 8 11 13 15 22 1
1 6 10 11 13 15 17 0
3 6 8 12 13 15 20 0
0 6 10 11 13 15 19 1
1 6 8 11 13 16 20 1
1 7 10 12 13 15 18 0
0 7 9 12 13 15 17 0
1 7 10 12 13 15 17 0
1 6 8 12 13 15 17 0
1 6 8 11 13 15 18 0
0 6 10 11 13 15 19 1
0 7 10 12 13 15 17 0
1 6 8 11 13 15 23 1
1 6 8 11 13 15 23 1
1 6 8 12 13 15 20 0
1 6 8 11 13 15 18 0
1 6 8 11 13 15 23 1
0 7 8 11 13 15 18 0
1 6 8 11 13 15 17 0
1 6 8 12 13 15 19 0
1 6 9 12 13 15 22 1
1 6 10 11 13 15 19 1
0 6 8 11 13 15 21 1
0 6 9 12 13 15 18 0
0 6 10 11 13 16 18 0
1 6 8 12 13 15 23 1
1 6 8 11 13 15 17 0
1 6 8 11 13 15 17 0
1 6 8 11 13 15 19 0
1 6 8 12 13 15 23 1
2 6 9 12 13 15 18 0
1 6 9 12 13 15 23 1
1 6 8 12 13 15 18 0
1 6 8 11 13 15 20 1
3 6 9 11 13 15 17 0
4 6 8 11 13 15 17 0
1 6 9 11 13 15 17 0
1 6 8 11 13 15 25 1
1 6 10 11 13 16 18 1
1 7 10 12 13 16 17 1
0 6 8 11 13 15 17 0
1 6 8 11 13 15 18 0
1 6 8 12 13 15 20 0
1 6 10 11 13 15 17 0
0 6 8 12 13 15 17 0
1 6 8 11 13 16 23 1
0 6 8 11 13 15 17 0
1 6 9 11 13 15 25 1
1 7 8 11 13 16 23 1
3 6 9 12 13 15 23 1
1 6 8 11 13 15 19 0
3 6 8 12 13 15 21 0
1 6 9 11 13 15 18 0
1 6 10 11 13 15 20 1
0 6 8 12 13 15 18 0
0 6 9 12 13 15 19 0
3 6 10 11 13 15 20 1
0 6 8 11 13 15 19 1
3 6 8 12 13 15 18 0
1 6 8 11 13 15 21 1
0 7 9 11 13 15 17 0
1 6 10 11 13 15 18 1
1 7 10 12 13 15 17 0
1 6 8 11 13 16 23 1
0 6 9 12 13 15 17 0
4 6 8 12 13 15 19 0
0 6 9 11 13 15 22 0
4 6 8 12 13 15 17 0
0 6 9 11 13 15 18 0
1 6 8 11 13 15 18 0
3 6 8 11 13 15 18 0
0 6 8 11 13 15 23 1
1 6 8 12 13 15 22 1
0 6 8 11 13 15 18 0
3 6 8 12 13 16 22 1
1 6 8 12 13 15 17 0
0 6 8 12 13 15 17 0
3 6 8 12 13 15 19 0
0 7 10 12 13 15 17 0
1 6 8 12 13 15 21 0
1 6 8 11 13 15 20 1
1 6 8 11 13 15 18 0
1 7 10 12 13 15 17 0
0 6 8 11 13 15 18 0
4 6 8 12 13 15 18 0
1 6 8 11 13 15 17 0
1 7 9 11 13 15 17 0
1 6 8 11 13 15 25 1
1 6 8 11 13 15 21 1
0 6 8 12 13 15 19 0
1 6 8 11 13 15 20 1
1 6 10 11 13 16 23 1
1 6 8 11 13 15 21 1
1 6 8 12 13 15 19 0
1 6 8 11 13 15 23 1
0 6 9 12 13 15 17 0
0 6 8 11 13 15 17 0
4 6 8 11 13 15 18 0
1 6 10 11 13 15 20 1
0 6 8 11 13 15 17 0
1 6 8 11 13 15 20 1
1 6 8 11 13 16 25 1
1 6 8 11 13 15 23 1
1 7 10 12 13 15 17 0
1 6 8 11 13 15 19 0
1 7 8 11 13 15 17 0
0 6 8 12 13 15 18 0
1 6 10 11 13 15 18 1
1 6 8 11 13 15 19 0
1 6 8 11 13 16 20 1
0 6 9 11 13 15 20 0
1 6 10 11 13 16 18 1
4 6 8 11 13 15 17 0
1 6 8 11 13 15 23 1
3 7 8 11 13 15 18 0
0 6 9 11 13 15 22 1
4 6 8 11 13 15 17 0
1 7 8 12 13 15 18 0
1 6 8 11 13 15 17 0
3 6 10 11 13 16 18 1
1 6 8 11 13 15 20 1
0 6 9 12 13 15 18 0
1 6 8 11 13 15 22 1
1 6 9 12 13 15 19 0
3 6 8 12 13 15 18 0
1 6 8 11 13 15 22 1
0 6 10 11 13 15 18 0
0 6 9 11 13 15 18 0
0 6 9 11 13 15 17 0
3 6 8 11 13 15 22 1
1 6 8 11 13 15 22 1
1 6 9 11 13 15 17 0
1 6 8 11 13 15 20 1
1 7 8 12 13 15 17 0
0 7 8 11 13 15 22 1
1 6 8 11 13 16 22 1
1 6 10 11 13 15 20 1
0 6 8 11 13 15 20 1
0 6 8 12 13 15 22 1
1 6 9 11 13 15 23 1
0 6 8 12 13 15 18 0
1 6 9 11 13 15 20 0
1 6 8 11 13 15 20 1
1 6 10 11 13 16 18 1
1 6 8 12 13 15 18 0
0 7 8 11 13 16 19 1
1 6 8 11 13 15 18 0
3 6 10 11 13 15 17 0
0 7 9 12 13 15 17 0
1 6 10 11 13 16 20 1
0 6 9 11 13 15 20 0
0 6 10 12 13 16 17 1
3 6 9 11 13 15 17 0
1 6 10 11 13 16 21 1
1 6 8 11 13 16 24 1
1 6 8 12 13 15 23 1
2 6 8 11 13 15 19 0
1 6 10 11 13 15 18 1
1 6 10 11 13 16 17 1
3 6 8 11 13 15 17 0
0 6 10 12 13 16 18 1
1 6 8 11 13 15 17 0
1 7 8 12 13 15 17 0
0 7 8 12 13 15 17 0
0 6 9 11 13 15 23 1
0 6 8 12 13 15 23 1
0 6 10 12 13 15 20 1
1 6 10 11 13 15 17 0
0 6 9 11 13 15 18 0
1 7 8 12 13 15 17 0
1 6 9 12 13 15 20 0
1 6 8 11 14 15 23 1
0 6 10 12 13 15 17 0
1 6 10 12 13 16 17 1
1 6 8 12 13 15 18 0
3 6 8 11 13 15 25 1
0 6 10 12 13 15 17 0
1 6 8 11 13 15 22 1
0 6 8 11 13 15 17 0
0 6 9 11 13 15 20 0
1 6 8 11 13 15 17 0
1 6 8 12 13 15 18 0
1 7 10 11 13 15 20 1
0 7 9 12 13 15 17 0
1 6 8 11 13 15 23 1
0 6 8 12 13 15 21 1
1 7 8 11 13 15 17 0
1 6 9 12 13 15 22 1
0 6 10 11 13 16 20 1
0 6 8 12 13 15 17 0
0 6 8 11 13 15 17 0
0 6 8 12 13 15 18 0
0 6 9 12 13 15 19 0
1 6 8 12 13 15 17 0
0 6 8 12 13 15 19 0
1 6 8 12 13 15 18 0
0 6 8 11 13 15 18 0
0 6 9 12 13 15 20 0
0 6 9 11 13 15 19 0
1 6 8 11 13 15 19 0
0 7 9 12 13 15 21 0
1 6 9 11 13 15 25 1
1 7 8 11 13 15 19 0
0 7 9 12 13 15 17 0
3 6 8 12 13 15 20 0
1 7 8 12 14 15 20 1
4 7 10 12 13 15 17 0
1 6 9 11 13 15 25 1
1 6 8 11 13 15 17 0
0 6 9 11 13 15 20 0
1 6 8 11 13 15 17 0
1 6 10 12 13 15 18 1
0 6 9 11 13 15 18 0
3 6 10 11 13 15 17 0
1 6 9 11 13 15 17 0
1 7 8 11 13 15 22 1
0 7 9 12 13 15 18 0
0 6 8 12 13 15 17 0
1 6 8 11 13 15 18 0
1 6 8 11 13 15 18 0
0 7 8 11 13 15 18 0
1 6 8 11 13 15 23 1
0 6 8 11 13 15 17 0
1 6 8 11 13 15 22 1
1 6 8 12 13 15 19 0
1 6 8 12 13 15 19 0
1 6 8 11 13 15 17 0
1 6 8 12 13 15 18 0
1 6 8 11 13 15 23 1
1 6 9 11 13 15 20 0
4 6 9 11 13 15 18 0
1 7 9 11 13 15 17 0
0 6 9 11 13 15 22 0
1 6 10 11 13 15 18 1
1 6 8 12 13 15 17 0
1 6 9 12 13 15 20 0
0 7 8 12 13 15 18 0
1 6 8 11 13 15 23 1
0 6 8 11 13 15 21 1
1 6 8 11 13 15 18 0
1 6 9 12 13 15 17 0
0 6 10 11 13 15 17 0
1 6 8 11 13 15 21 1
1 7 8 11 13 15 18 0
0 7 9 12 13 15 18 0
1 6 9 11 13 15 20 0
1 6 8 12 13 15 17 0
1 6 8 11 13 15 22 1
0 6 8 11 13 15 17 0
0 6 9 11 13 15 19 0
0 7 8 12 13 15 20 1
4 7 8 12 13 15 20 1
0 6 8 11 13 15 17 0
0 7 9 12 13 15 17 0
0 7 8 11 13 15 23 1
0 6 9 12 13 15 20 0
0 6 8 11 13 15 17 0
1 6 8 12 13 15 17 0
0 6 9 12 13 15 19 0
0 7 9 12 13 15 20 0
3 6 10 11 13 15 19 1
1 6 8 12 13 15 19 0
1 6 10 11 13 15 17 0
0 6 8 12 13 15 17 0
1 6 10 11 13 15 20 1
1 6 8 12 13 15 20 0
0 6 9 12 13 15 18 0
1 6 10 11 13 15 18 1
1 7 8 12 13 15 18 0
1 6 8 12 13 15 21 0
1 6 10 11 13 15 17 0
1 6 8 11 13 15 17 0
0 7 9 12 13 15 19 0
1 7 9 11 13 15 22 0
1 6 8 11 13 15 20 1
1 6 8 12 13 15 23 1
1 6 8 11 13 15 18 0
0 7 8 12 13 15 17 0
3 6 8 11 13 15 18 0
0 7 8 11 13 15 19 1
0 6 8 11 13 15 23 1
1 7 10 11 13 15 17 0
3 7 9 12 13 15 17 0
1 6 8 11 13 16 21 1
1 6 10 11 13 15 19 1
1 6 8 11 13 15 17 0
0 6 9 11 13 15 17 0
3 6 10 11 13 15 17 0
3 6 8 11 13 15 17 0
1 6 10 11 13 15 18 1
1 6 10 11 13 15 20 1
4 6 9 11 13 15 17 0
1 7 10 12 13 15 17 0
1 6 10 11 13 16 20 1
0 6 10 11 13 15 18 0
0 7 8 11 13 15 21 1
3 6 8 11 13 16 23 1
0 6 8 11 13 15 22 1
1 6 10 11 13 15 17 0
0 7 10 11 13 15 18 0
1 6 9 11 13 15 25 1
0 6 9 12 13 15 17 0
1 6 8 11 13 15 18 0
0 6 8 11 13 15 17 0
1 7 8 12 13 15 17 0
3 6 8 11 13 15 18 0
1 6 8 12 13 15 23 1
1 6 8 11 13 15 18 0
4 7 8 11 13 15 17 0
3 6 10 12 13 16 17 1
1 6 8 11 13 15 22 1
0 6 8 11 13 15 23 1
0 6 10 11 13 16 20 1
3 7 8 12 13 15 19 0
1 6 8 12 13 15 22 1
4 6 9 12 13 15 17 0
1 6 8 11 13 15 18 0
0 7 8 11 13 15 17 0
1 6 9 11 13 15 17 0
1 6 8 11 13 15 22 1
0 6 9 11 13 15 22 1
0 6 8 11 13 15 17 0
3 6 10 11 13 15 20 1
3 6 10 11 13 15 17 0
1 6 8 12 13 15 21 0
0 6 9 11 13 15 20 0
0 6 8 11 13 15 21 1
0 7 8 11 13 15 20 1
0 7 8 12 13 15 17 0
1 6 8 11 14 16 22 1
1 6 8 12 13 15 20 0
1 6 8 11 13 15 22 1
0 7 8 12 13 15 17 0
1 7 10 11 13 15 20 1
1 6 8 11 13 15 25 1
4 6 8 12 13 15 19 0
1 6 8 11 13 15 22 1
0 6 10 12 13 16 19 1
1 7 8 11 13 15 17 0
0 6 8 12 13 15 19 0
1 6 8 11 13 15 25 1
1 6 10 11 13 15 17 0
1 7 10 12 13 15 17 0
3 6 9 11 13 15 22 1
1 6 10 11 13 15 17 0
0 6 9 11 13 15 19 0
0 6 8 11 13 15 19 1
0 6 10 12 13 15 17 0
3 6 10 12 13 15 17 0
0 7 8 12 13 15 17 0
1 7 8 11 13 15 24 1
1 6 10 11 13 15 17 0
3 6 8 11 13 15 18 0
1 6 9 11 13 15 22 0
